# Created by Octave 7.2.0, Tue Sep 20 16:12:38 2022 GMT <unknown@LAPTOP-IRPI9MF0>
# name: g1
# type: scalar
-8.2264532466069795


# name: x1
# type: scalar
1.5024150416415181


# name: f1
# type: scalar
-3801.4523615380758


# name: varargin
# type: cell
# rows: 1
# columns: 3
# name: <cell-element>
# type: matrix
# rows: 188
# columns: 6
 4.5909698365869502 4.4867831929861817 4.5104254562867201 3.9495 15.366523066029501 4.5029425355569979
 4.5977426701592945 4.4881051050405354 4.510528023010834 4.1113999999999997 15.37096229028862 4.4904796137339069
 4.6046700609464093 4.4897695476681552 4.5103857679468256 4.2675000000000001 15.376801379413052 4.473749706674691
 4.607866547535834 4.4897288065135958 4.5113476291238657 4.3644999999999996 15.384517024604037 4.4549494405096572
 4.6253648932736109 4.4908594025805852 4.5110472910820274 4.8484999999999996 15.382904896720692 4.4365538816950316
 4.6102572250366487 4.4947215254255406 4.5127320379493412 4.9649000000000001 15.381254229926121 4.4710786365050055
 4.6210435351443815 4.4972176472724064 4.5148159551559655 5.1050000000000004 15.385106204120964 4.465212474451401
 4.6251688724947808 4.498617181820606 4.5159033582897932 5.2484000000000002 15.390428037600099 4.4376860088484138
 4.6245805795079145 4.5030619315463429 4.5163617042635398 5.2191999999999998 15.3904083700663 4.4166055818654062
 4.6238937999861935 4.5035625085046682 4.5175488411877334 5.2183999999999999 15.393676148920909 4.4012531156374761
 4.6321041872281725 4.5062376333058438 4.5188314917875632 5.1932999999999998 15.395083931424118 4.4101888310473463
 4.6438138095802959 4.5083600117544051 4.523086864344033 4.8808999999999996 15.396182673644846 4.4458015831140054
 4.6312277203073808 4.5068306322605576 4.5223823137959664 4.5735999999999999 15.430373925961305 4.4880361896601073
 4.6358933586309323 4.5085793264634635 4.5219987723477653 4.5913000000000004 15.435146889287042 4.4784271289601971
 4.6294724785110564 4.5116177903755341 4.5246319222135769 4.4710999999999999 15.440954291094883 4.4782863635137948
 4.6192703103668729 4.5161190573915864 4.5279721367677661 4.4810999999999996 15.447044348536597 4.468494426447835
 4.6294724785110564 4.5206358476943809 4.5292964095654087 4.5205000000000002 15.452930301719292 4.4499796323460847
 4.628300603376946 4.5224295672231118 4.5312664545142836 4.3125 15.462411293213558 4.4354062511771204
 4.6127414514844096 4.5223384258544757 4.532722281313406 4.3109000000000002 15.467011103008835 4.4427406642580287
 4.6322988533763443 4.5220590839370134 4.5333120349339806 4.1074999999999999 15.473187244484993 4.4707172259936332
 4.6208466653730991 4.5249419694421817 4.535736503072342 3.77 15.482471251181959 4.4744132267756473
 4.6138325590667444 4.5255879806004327 4.5386557406641161 3.3694000000000002 15.489344418872946 4.4741180032955992
 4.6069685679294707 4.52559339475863 4.5405291529296861 3.1979000000000002 15.496160052059897 4.4599247366313497
 4.6122450996600532 4.528141398557235 4.5442829109313143 3.2980999999999998 15.502304618654589 4.4685322587920862
 4.6096600912609436 4.5331692232993284 4.5464721758129976 3.4832000000000001 15.507378418652008 4.466313783487915
 4.6113510450631727 4.5336060831457168 4.5475323866730495 3.5935999999999999 15.508485251297634 4.4566980195094379
 4.6172963657859318 4.5364157503587661 4.549906916403776 3.8155999999999999 15.512121450996105 4.4578423442422173
 4.6153185170399063 4.5388583601413712 4.5507142113852517 3.8601999999999999 15.517061180102854 4.4625622977480139
 4.6164068179140791 4.5406632376854263 4.5536272815031635 3.9626999999999999 15.523713946512229 4.4797101322937873
 4.6200587984818418 4.5407287268065231 4.5551619602828159 3.8687999999999998 15.527106784476958 4.5030244972322073
 4.61561544384963 4.5423279320421974 4.5568006133576366 3.6448 15.532618137911733 4.5151568530887909
 4.6213387671496751 4.5439796540747395 4.5580262710065655 3.4403999999999999 15.539415971294394 4.5085006827221052
 4.6233047561835736 4.5461421077674071 4.559259118240127 3.2364000000000002 15.548974732053553 4.5094772329354331
 4.6180864112546374 4.5479246860033138 4.5608652580910647 3.1259000000000001 15.553566286151407 4.5133761174133342
 4.6237956501112558 4.5480465597783404 4.5628104472449955 3.0173999999999999 15.561812129849738 4.5231637180656037
 4.6101577274991303 4.5504644442403306 4.5653214676808469 2.8715999999999999 15.567469906214749 4.5343012701155399
 4.6248747692624264 4.5543550930334815 4.5654580961290483 2.7044999999999999 15.574854439890045 4.558024069631136
 4.6268338256241179 4.5573313391727801 4.5664650119216956 2.5036 15.582994581742312 4.5718501893144454
 4.6264423212636308 4.5599712307019296 4.5681707719222659 2.4112 15.587818738169629 4.5798062230925263
 4.6229118674642482 4.5589313593872847 4.5696909766716987 2.4470000000000001 15.600227285202854 4.5867495632834903
 4.6096600912609436 4.5583653297899769 4.5710370212852869 2.2521 15.603407410216361 4.6255334404172332
 4.6129399232524522 4.5601392420877644 4.5724101893869609 2.0137 15.605810295635768 4.6271840920943808
 4.62271536520384 4.5615710053205403 4.5731867246349545 2.0760999999999998 15.612665777248885 4.6145431224584286
 4.610356712675391 4.5642518326588091 4.5747683995351762 2.2786 15.616150478998266 4.603469741050727
 4.6106551162186609 4.5669949980827571 4.5768625796743638 2.2576000000000001 15.616652044770914 4.6005083364336681
 4.6291796384484432 4.5677699347879646 4.577960332804361 2.3025000000000002 15.624798665705955 4.6153393047866196
 4.6288867126054072 4.5690040030040304 4.5790513393092374 2.4102999999999999 15.629301378188053 4.6139782805793139
 4.6283983121072989 4.5697102482455785 4.5806141390722033 2.3807999999999998 15.631812221966443 4.6416130059046274
 4.6342434334737987 4.5726801548897376 4.583002692599079 2.2162999999999999 15.634232744071898 4.6515631935578012
 4.6352143073364678 4.5740788199703886 4.5851946977523204 2.1629999999999998 15.640480406730237 4.6483130053098423
 4.637250079451503 4.5769452847049648 4.585815486357335 2.0550000000000002 15.645755213501793 4.6321888716594772
 4.6381212861277774 4.5791946232690384 4.587582627614359 2.1625999999999999 15.649304246670928 4.6145530291178831
 4.6421769116171872 4.5824670081594174 4.5887578371975932 2.2974000000000001 15.650507502089567 4.6240498384544093
 4.6423696269771977 4.583669187275313 4.590853590861208 2.4043999999999999 15.658305446666335 4.6225404457105821
 4.6437175956003305 4.5847997094960702 4.5917206450340116 2.3610000000000002 15.664096700827395 4.6285985851631821
 4.6336604563877186 4.5873903574543444 4.5938927338989721 2.302 15.668388801405159 4.6277112172939283
 4.6415021152354816 4.5879381638535452 4.5949621609346245 2.3769999999999998 15.674340340637258 4.6319532948944335
 4.6478464602685277 4.5910134506069369 4.5959498086540176 2.3161 15.681082288961377 4.6435655586415852
 4.6421769116171872 4.59099093383879 4.5973593607596319 2.3283 15.685459788451256 4.6556208754838249
 4.6343405632878714 4.5921055136038165 4.5988579053975815 2.3010000000000002 15.692961978567128 4.6694427342580154
 4.6505258877088886 4.5923409420385601 4.5994356750648517 2.3121 15.699223823060835 4.6593818178832827
 4.6437175956003305 4.5946985492786343 4.6000422606237006 2.3100000000000001 15.704445738537384 4.6535431202720963
 4.6400545878415933 4.598426901061238 4.6015398041191427 2.3348 15.707922577753989 4.6605878634029034
 4.6605102810212555 4.5997365504919241 4.6008489629375928 2.2650999999999999 15.714488865099291 4.6503500312684576
 4.6465999957512309 4.6017861666479156 4.6039943950167261 2.1932999999999998 15.722290286932621 4.6395667817758808
 4.6561484307527206 4.6035359513538054 4.6043344368470498 2.1027999999999998 15.733844526655195 4.6137948861057145
 4.6639106810106918 4.6064074202979759 4.6050948831529039 2.1680000000000001 15.743409474217735 4.6223094657994013
 4.6551025547363007 4.609108719771422 4.6066990167305821 2.2229000000000001 15.748765104502267 4.6287470544161566
 4.6728288344619058 4.6135079301933208 4.6079902059913378 2.2195 15.756076308271149 4.6242176262415198
 4.666923582263574 4.6147860054530181 4.6092979550155961 2.4136000000000002 15.760508147907007 4.6210297555218842
 4.6768394726784512 4.6132436080345478 4.6107074271328683 2.6844000000000001 15.765223751982321 4.6144846711698824
 4.6812048722640887 4.6141197191806018 4.6119586918535029 2.7833000000000001 15.773415904688397 4.6154125534023525
 4.6743230446764077 4.6164959071918279 4.6120294076483423 2.8334999999999999 15.778769485754331 4.6222445852484055
 4.6773047837472905 4.6181714027069276 4.6128793935380497 2.9142000000000001 15.786200284469521 4.6161160607269158
 4.677490847567717 4.6197494895670275 4.6141408291831905 3.1053000000000002 15.792766123133974 4.6230336794770279
 4.6879476124456598 4.6235572039388586 4.6155820934666938 3.2214 15.804267803920858 4.6331597965270213
 4.6982961639775755 4.6262608069935558 4.6170944090178265 3.3077999999999999 15.809769140987537 4.6413101971096724
 4.7011165270353006 4.6277602971876952 4.61863700002794 3.4005000000000001 15.81434327342237 4.6418675258033835
 4.7030225861555959 4.6307100493162681 4.6199570199035636 3.5386000000000002 15.817575252072466 4.6449426699647729
 4.7042912768558987 4.6318622617337164 4.6205291312078165 3.6151 15.827478074126429 4.6471841098782232
 4.7100705958134608 4.6308960207181453 4.6226652509482404 3.7153 15.839050968622184 4.6452895337098923
 4.7051965000552158 4.6305023013700302 4.6241977090470101 3.7991999999999999 15.843404035963514 4.6419301817504417
 4.7173374828588388 4.6314277197917315 4.6255397113907 3.8637000000000001 15.850420890735681 4.6495190737022716
 4.7396136625375824 4.6327193975386569 4.6270675785151099 3.9209000000000001 15.864040599168696 4.6612281612341953
 4.7166221112822342 4.6350147726321014 4.6295972023352929 4.0644 15.87472962172299 4.6551577282522656
 4.7264138932734552 4.6365610953038203 4.6313576806852366 4.0936000000000003 15.881618602331692 4.6608167909540095
 4.731979032851787 4.6386727547473399 4.6321909156778007 4.1055000000000001 15.896131903401875 4.6692195249955919
 4.7222418575739287 4.6424683792067301 4.6342204123248898 4.2526999999999999 15.900061524274363 4.6802572501033817
 4.7366369487303972 4.6449271015130291 4.6363359488037839 4.3731 15.911573323599871 4.6822339996207232
 4.7347939537815966 4.6466661933106757 4.6373492416856479 4.5054999999999996 15.91966239500497 4.6783490838287589
 4.7383014985912739 4.6486637766152903 4.6389602181123655 4.5637999999999996 15.930746878866332 4.6857192269917309
 4.7411859899055342 4.6492138653042794 4.6393951720199089 4.6662999999999997 15.936217595802972 4.680508615104773
 4.7422328363764308 4.6519368757418764 4.6407534261660057 4.7244999999999999 15.945048553103202 4.6917707285968326
 4.7452798939727368 4.6553948445877582 4.6423027589548971 4.6467000000000001 15.960430686593824 4.7042025208795293
 4.7378637277135569 4.6613913385136243 4.6442387721860383 4.6071999999999997 15.969407341849751 4.7202749716660497
 4.7411859899055342 4.6628193738232238 4.6456698885778813 4.7929000000000004 15.97360823108035 4.7256314098723795
 4.751259891859986 4.6671078277693505 4.6476893954239502 4.4980000000000002 15.990587681045048 4.733172823171734
 4.7523825656684782 4.6686793963170015 4.6489037776924746 4.3489000000000004 15.995111186293597 4.7324026569934246
 4.7450190811044903 4.6735843433856754 4.6515900193321791 4.5900999999999996 15.998740667939812 4.759819884142134
 4.7491839461269958 4.6745096640667043 4.6503424802179802 4.8198999999999996 16.006755626952994 4.777027179734163
 4.7250842826534285 4.6810163466165813 4.6534809971910072 4.9938000000000002 16.013990680107469 4.7750403786174997
 4.7245519430081719 4.6856000187190521 4.655156206265068 5.3608000000000002 16.017556936156357 4.7778049771925017
 4.7205503370281647 4.6886800147066356 4.6562717720007658 5.3932000000000002 16.025032544592374 4.7851757295593744
 4.7162642334936784 4.6865790984402658 4.6577291440853097 5.3230000000000004 16.028537397065744 4.7644235392912
 4.7021153920445702 4.6875373285300679 4.6590726884298075 5.3838999999999997 16.036680368401377 4.748178158649722
 4.6830567246451622 4.6862289311668164 4.6610349801294291 5.2477999999999998 16.052520966522252 4.7103712889403875
 4.6478464602685277 4.6821302086051828 4.6627276146554788 4.3503999999999996 16.054068572345056 4.7037051605480302
 4.6064693417197118 4.6782442381163785 4.6635935161506348 3.452 16.056737453891341 4.7510403914041168
 4.5819015590487373 4.6792863509653948 4.6648287884168322 2.6215999999999999 16.056783599166032 4.7411964637967428
 4.5623670636627818 4.6809712954041904 4.6663355556916777 2.1354000000000002 16.060243420012352 4.7224348650987089
 4.5470112718145588 4.678873890722465 4.6655019649302369 1.9089 16.057209757513426 4.7515087159944462
 4.5376405291944923 4.6804742068759904 4.6676387537495989 1.7709999999999999 16.062351095972254 4.743762749253758
 4.5528237056158822 4.6813941036636102 4.6687553152920662 1.6444000000000001 16.058209437701169 4.7468060236980936
 4.5535610522548611 4.6840860744238366 4.6689078865544484 1.6105 16.059113398464739 4.7545182086407198
 4.5571347369495347 4.682578441923587 4.6696286726729914 1.4119999999999999 16.058693144554532 4.7558600268720692
 4.5578689128700782 4.6849503976741085 4.6706516998682162 1.3343 16.055455699729105 4.7563218016863749
 4.576153236917599 4.6838155485988242 4.6705174737357602 1.2609999999999999 16.056505951103848 4.767492246108362
 4.5730601320698581 4.6846024304437917 4.6720827618263945 1.2425999999999999 16.054325048229252 4.7779337099699379
 4.574401652316455 4.6866955171090288 4.6728261241778597 1.2305999999999999 16.051478811612867 4.7748876437990226
 4.5720269673948373 4.6872863425799567 4.6743059672629528 1.2423999999999999 16.051333753283291 4.7650075232290572
 4.5867006697044301 4.6896031500595985 4.6740825342331336 1.2322 16.049305009021595 4.7446660059993127
 4.5721303319098912 4.6903921963490367 4.6752737870531602 1.2252000000000001 16.048819525072915 4.7185497628572399
 4.5964321200448062 4.6941298804407028 4.6763512216965788 1.2151000000000001 16.048926478216931 4.7157567221812604
 4.5988502572432717 4.6963371581857096 4.675771137154908 1.2252000000000001 16.05303742146242 4.7017014381618356
 4.6111522576656387 4.6979339445939665 4.677685526291004 1.2493000000000001 16.055332086985207 4.6645950295348024
 4.6243844049118961 4.6986754652116085 4.678649431963497 1.2813000000000001 16.038863789460155 4.6390178362111154
 4.6006600305102054 4.6998641759864652 4.6796308816418506 1.3734 16.03748877583892 4.657204605674429
 4.6006600305102054 4.7009867829961207 4.6808379838380842 1.421 16.042157358636274 4.6526204052130824
 4.6102572250366487 4.7016602149511284 4.6812731739166491 1.4205000000000001 16.041709408593722 4.6568514051231062
 4.6210435351443815 4.7034082571503841 4.6828513381523953 1.4954000000000001 16.042726961357296 4.6958615335724785
 4.6228136211606863 4.7053563678402845 4.6836803969111864 1.5405 16.044673412866015 4.6820719661090608
 4.6155164780422355 4.7089773458131896 4.684564745197247 1.5261 16.044655332797138 4.6572928863234155
 4.6277141504229862 4.713308370349897 4.686048728869423 1.55 16.047591209052776 4.6579371939261875
 4.637734176861354 4.7152856788025304 4.6866801244442238 1.714 16.048293916715789 4.668979378730354
 4.6333688403467699 4.7199139410400459 4.6885383428366634 1.9240999999999999 16.050329312686166 4.6863390285643964
 4.6338548198480005 4.7238589446868327 4.6911432741423731 2.0855999999999999 16.05041117315093 4.7074054230464064
 4.6373469176833124 4.7243742559412549 4.6918003486581084 2.1471 16.052665105418587 4.6959537725738425
 4.6188758330442035 4.7249370303718612 4.6933450608514837 2.1440999999999999 16.054814898497995 4.6966576138323841
 4.6364750358165043 4.7253523857916422 4.6920638643848465 2.1827000000000001 16.055189396947657 4.6847444762790253
 4.6355053857841639 4.7269102710762985 4.6938993949924042 2.0969000000000002 16.063337413213368 4.6791155734970751
 4.6218306268811986 4.7304386469253759 4.6966080599021618 2.0669 16.064746455179364 4.6667496459191362
 4.6192703103668729 4.7328787337078113 4.6981904732613131 2.1101000000000001 16.061824090806184 4.6687663882826866
 4.6203543213131315 4.7347934267259415 4.6990417860780882 2.0438999999999998 16.065179039704606 4.6605121733460813
 4.6141299273595635 4.7360089567578783 4.700581451592166 2.0034999999999998 16.066583174657431 4.6418048659303119
 4.6075673105878128 4.7400215695411418 4.7019177867531887 1.8366 16.06802129757077 4.6219014347597849
 4.5924901328307168 4.7428789786147867 4.7028169973776794 1.6782999999999999 16.071874314523878 4.6350337961399166
 4.6097596383218988 4.7459240710080426 4.7038903633184104 1.4984999999999999 16.077669307324594 4.639993745816926
 4.5971380142908274 4.7490091105133763 4.7061587586152465 1.3677999999999999 16.073932246808202 4.633426198219567
 4.6013629476451374 4.7480776976080001 4.7069302477838555 1.266 16.079982588133856 4.6141071322533742
 4.5966338549658055 4.7479308451059037 4.7082583117225028 1.2190000000000001 16.082664516273656 4.6030339057655176
 4.6010617579435484 4.7495052210344628 4.70936234938815 1.0608 16.088141779687284 4.5821031763889204
 4.6113510450631727 4.753302908465348 4.7099665025155169 0.87660000000000005 16.087439413755252 4.5823958074098972
 4.5934012023880921 4.7558577045604125 4.711079541006038 0.73980000000000001 16.08728772288384 4.6052211846876352
 4.5863950306617571 4.7572972768824933 4.712573224275646 0.65010000000000001 16.096631025307698 4.6141011856184759
 4.5803650670691205 4.7563737272656832 4.7129227284672828 0.58789999999999998 16.097130816561027 4.6085833544957264
 4.5870062153604199 4.7578799424694616 4.7153053846833037 0.54930000000000001 16.095857608444543 4.6262141993084489
 4.5710962056543396 4.7598365899496509 4.7154361502351865 0.57530000000000003 16.094672150204733 4.6470469840074866
 4.576153236917599 4.7609399258585681 4.7152412495738956 0.59419999999999995 16.096907662492338 4.6643942981367692
 4.5817991996648511 4.7629303153365274 4.7182788470915442 0.54500000000000004 16.098363751160893 4.6498318395737437
 4.5832312784693379 4.7606248723719737 4.7157888632524534 0.52839999999999998 16.100071894532764 4.6544859263038951
 4.5833334913789168 4.7620996585350692 4.718549584294883 0.48380000000000001 16.101656261631515 4.6592624595761345
 4.592084946439436 4.7636387588548548 4.7194337020617647 0.5071 16.099880253346388 4.6672826416071569
 4.5868025286299066 4.7652357384160045 4.7199307028776936 0.52539999999999998 16.102346989228231 4.6692101453643993
 4.5973396068729029 4.7662309078176577 4.7203184648302328 0.5423 16.105046986222053 4.6756239897935492
 4.5933000134176041 4.7666572032475223 4.7211792936085404 0.54339999999999999 16.102428052633876 4.671123643131418
 4.5888375313671936 4.764732880124849 4.7211122391868177 0.54100000000000004 16.106215055342215 4.6814365414415411
 4.6005595734304086 4.7649465831797704 4.7225446048386646 0.50639999999999996 16.107535387133847 4.6776080500015693
 4.5983469606399661 4.7662341425258727 4.7222839310528197 0.54249999999999998 16.100688216895271 4.6904474769859794
 4.5971380142908274 4.7674863799364031 4.7236133592612397 0.56210000000000004 16.105541881096876 4.6863491709309519
 4.5997555532865926 4.7678068435556451 4.7247059070159505 0.54900000000000004 16.10828619518179 4.685085193200579
 4.5951198501345898 4.7676306437764291 4.7253500802159616 0.57730000000000004 16.106590014243789 4.6930235417474258
 4.6018647289793648 4.7677656225591258 4.7258138372903966 0.60399999999999998 16.106569377960405 4.6899248518528998
 4.5896503743300547 4.7671283933105659 4.7253806729990204 0.59230000000000005 16.111235171593677 4.6817079894236304
 4.5917809488690757 4.7686357472885668 4.7270872425704065 0.51270000000000004 16.114499392164483 4.6733436551899992
 4.5961294413359424 4.76872609763398 4.7274657802750291 0.48749999999999999 16.11966821383292 4.6687738953252307
 4.5899550201816108 4.7693739353794005 4.7288732635652151 0.46910000000000002 16.123756000908863 4.662247818787562
 4.5876170267405021 4.7698285801982001 4.728768899978645 0.36230000000000001 16.126623683696174 4.6491143414873823
 4.5898534818761982 4.7685866625699456 4.7283919162075962 0.33760000000000001 16.1309539278529 4.6426355131987291
 4.5905640335987288 4.767889450417484 4.7293721318460236 0.3347 16.138391685920681 4.646406174800882
 4.5970372027579023 4.7645847017761627 4.7297393878881424 0.32850000000000001 16.148122693073027 4.6466306966135438
 4.6012625611570739 4.7615115787362665 4.7298721637982677 0.29820000000000002 16.157699079328328 4.5978685941265693
 4.6003586289908691 4.7649557031157501 4.7315926826820114 0.25509999999999999 16.16135435429084 4.5772633884350711
 4.6001576441645469 4.7669081806356077 4.7316659993657932 0.21240000000000001 16.165842604506054 4.5483299568161497
 4.6021656769677923 4.7678938695223279 4.7322101548373086 0.18049999999999999 16.171438673217679 4.5392269453605758
 4.604169685654508 4.7706310637092795 4.7345330272625583 0.16539999999999999 16.172795461575443 4.5578500408111049
 4.5974403879261505 4.7709149369247648 4.7349955321983694 0.16300000000000001 16.174965939960959 4.5667494727495281
 4.603368564041463 4.7708445269348205 4.7365568052296458 0.1673 16.184050418744999 4.5572837133664237
 4.5993533006665261 4.7702001851099674 4.7375308936282741 0.1613 16.182312589143635 4.5742283878484384



# name: <cell-element>
# type: scalar
6



# name: <cell-element>
# type: scalar struct
# ndims: 2
 1 1
# length: 5
# name: index_est
# type: scalar
1


# name: max_compute
# type: scalar
3


# name: lb
# type: scalar
0.050000000000000003


# name: index_fixed
# type: matrix
# rows: 1
# columns: 4
 2 3 4 5


# name: hyperpara_fidex
# type: matrix
# rows: 1
# columns: 4
 -0.69314718055994529 1.6094379124341003 0.69314718055994529 0.69314718055994529







